c
23.1695 105 1.21044 -0.00599913 -3.473 0.999982
l
0 296.5 -999.6 1 1 1 1 1 1 1 1 1 1 0 0 1 0 -1 0 1 2 12 218 1 1 
l
0 10 0 1 1 0 0 1 1 0 0 1 0.1 1e-05 0.1 1 1.10793e-17 4.59121e-41 0 0 0 0 0 1 1 
l
0 0 0 1 1 1 1 1 1 1 1 1 1.10794e-17 4.59121e-41 1.06476e-17 4.59121e-41 1.10793e-17 4.59121e-41 0 0 0 0 0 1 0 
l
0 10 0 1 1 1 0 1 1 0 0 1 0.1 1e-05 0.1 1 1.10793e-17 4.59121e-41 0 0 0 0 0 1 1 
l
0 10 0 1 0 1 0 1 1 0 0 1 0.1 1e-05 0.1 1 1.10793e-17 4.59121e-41 0 0 0 0 0 1 1 
l
0 10 0 1 1 0 1 1 1 0 0 1 0.1 1e-05 0.1 1 1.10793e-17 4.59121e-41 0 0 0 0 0 1 1 
l
0 10 0 1 1 0 1 1 1 0 0 1 0.1 1e-05 0.1 1 1.10793e-17 4.59121e-41 0 0 0 0 0 1 1 
l
0 10 0 1 1 1 1 1 1 1 1 1 0.1 0.001 0.1 1 0.651306 -0.335724 -0.680554 1 1 10 20 1 0 
l
0 10 0 1 1 1 1 1 1 1 1 1 0.1 0.001 0.1 1 0.355136 -0.4254 -0.832417 1 1 10 20 1 0 
l
0 10 0 1 1 1 1 1 1 1 1 1 0.1 0.001 0.1 1 -0.165933 -0.375744 -0.911748 1 1 10 20 1 0 
l
0 10 0 1 1 1 1 1 1 1 1 1 0.1 0.001 0.1 1 0.651306 -0.335724 -0.680554 1 1 10 20 1 0 
l
0 10 0 1 1 1 1 1 1 1 1 1 0.1 0.001 0.1 1 0.355136 -0.4254 -0.832417 1 1 10 20 1 0 
l
0 10 0 1 1 1 1 1 1 1 1 1 0.1 0.001 0.1 1 -0.165933 -0.375744 -0.911748 1 1 10 20 1 0 
l
0 10 0 1 1 1 1 1 1 1 1 1 0.1 0.001 0.1 1 0.651306 -0.335724 -0.680554 1 1 10 20 1 0 
l
0 10 0 1 1 1 1 1 1 1 1 1 0.1 0.001 0.1 1 0.355136 -0.4254 -0.832417 1 1 10 20 1 0 
l
0 10 0 1 1 1 1 1 1 1 1 1 0.1 0.001 0.1 1 -0.165933 -0.375744 -0.911748 1 1 10 20 1 0 
l
0 0 0 1 1 1 1 1 1 1 1 1 1.10794e-17 4.59121e-41 1.06476e-17 4.59121e-41 1.10793e-17 4.59121e-41 0 0 0 0 0 1 0 
l
0 0 0 1 1 1 1 1 1 1 1 1 1.10794e-17 4.59121e-41 1.06476e-17 4.59121e-41 1.10793e-17 4.59121e-41 0 0 0 0 0 1 0 
l
0 0 0 1 1 1 1 1 1 1 1 1 1.10794e-17 4.59121e-41 1.06476e-17 4.59121e-41 1.10793e-17 4.59121e-41 0 0 0 0 0 1 0 
l
0 0 0 1 1 1 1 1 1 1 1 1 1.10794e-17 4.59121e-41 1.06476e-17 4.59121e-41 1.10793e-17 4.59121e-41 0 0 0 0 0 1 0 
o
Ground Ground -11 -0 65 0.711473 0 -0 -0.702713 0.25 0.25 0.5 0 0 0 0 0 1 1 1 1 1 0 1
o
ISO_Sphere_1 Debug_Sphere_1 0 296.5 -999.6 0 0 0 1 1 1 1 1 1 1 1 1 1 1 1 1 1 1 1
o
ISO_Sphere_1 Debug_Sphere_2 0 296.5 -999.6 0 0 0 1 10000 10000 10000 1 1 1 0 0 1 1 1 1 1 1 1
o
ISO_Sphere_1 Debug_Sphere_3 0 296.5 -999.6 0 0 0 1 10000 10000 10000 1 1 0 1 0 1 1 1 1 1 1 1
o
ISO_Sphere_1 Debug_Sphere_4 0 296.5 -999.6 0 0 0 1 10000 10000 10000 1 1 0 1 1 1 1 1 1 1 1 1
o
ISO_Sphere_1 Debug_Sphere_5 0 296.5 -999.6 0 0 0 1 10000 10000 10000 1 1 0 1 1 1 1 1 1 1 1 1
o
Player Player1 10 5 18.1 0 0 0 1 5 5 5 0 0 0 0 0 1 1 1 1 1 0 1
o
Player Player1 0 0 0 0 0 0 1 1 1 1 0 0 0 0 0 1 1 1 1 1 0 1
o
Player Player1 0 0 0 0 0 0 1 1 1 1 0 0 0 0 0 1 1 1 1 1 0 1
o
Player Player1 0 0 0 0 0 0 1 1 1 1 0 0 0 0 0 1 1 1 1 1 0 1
